3402
2698
7724
6065
687
8575
4594
1808
5011
197
1872
7756
7009
5578
2313
8587
6980
3801
4475
2947
2864
2430
2837
1210
1886
6201
3271
6990
9286
6466
4568
7735
3618
6172
5230
6314
6480
7980
1113
9391
25
1548
2545
8949
96
6955
6658
2308
5581
1384
6773
5763
5210
31
5665
3339
5613
4354
241
9180
2488
3724
903
5519
6541
178
7313
7067
1430
9595
1340
4844
2756
2370
3991
9649
4726
9049
3897
1157
1213
9552
8437
4352
1390
8838
1228
2046
5879
8542
6003
913
2069
7446
1672
8530
6677
8325
4111
8878
4841
1555
754
8847
2126
9182
1000
8136
4252
1690
1029
1253
6477
4232
9875
5682
2530
1962
9006
2619
6082
6757
2006
3268
6820
3288
9793
1114
1952
6092
9072
2362
1361
8557
2835
2992
477
1449
7215
5522
6296
198
7518
5166
6325
