25
31
96
178
197
198
241
477
687
754
903
913
1000
1029
1113
1114
1157
1210
1213
1228
1253
1340
1361
1384
1390
1430
1449
1548
1555
1672
1690
1808
1872
1886
1952
1962
2006
2046
2069
2126
2308
2313
2362
2370
2430
2488
2530
2545
2619
2698
2756
2835
2837
2864
2947
2992
3268
3271
3288
3339
3402
3618
3724
3801
3897
3991
4111
4232
4252
4352
4354
4475
4568
4594
4726
4841
4844
5011
5166
5210
5230
5519
5522
5578
5581
5613
5665
5682
5763
5879
6003
6065
6082
6092
6172
6201
6296
6314
6325
6466
6477
6480
6541
6658
6677
6757
6773
6820
6955
6980
6990
7009
7067
7215
7313
7446
7518
7724
7735
7756
7980
8136
8325
8437
8530
8542
8557
8575
8587
8838
8847
8878
8949
9006
9049
9072
9180
9182
9286
9391
9552
9595
9649
9793
9875
